esc 800 0
esc 800 0
esc 800 0
w 200 0
e 200 0
t 200 0
y 200 0

1 800 0
1 600 0
2 200 0
2 400 0
1 800 0
y 200 0
1 200 0

t 600 0
y 200 0
1 400 0
2 400 0
3 800 0
w 200 0
e 200 0
t 200 0
y 200 0

1 800 0
1 600 0
3 200 0
2 400 0
1 800 0
y 200 0
1 200 0

2 2400 0
esc 400 0
t 400 0

1 800 0
u 400 0
1 600 0
esc 400 0
esc 400 0
1 400 0

1 400 0
u 400 0
y 400 0
u 200 0
y 600 0
t 400 0
esc 400 0
t 400 0

t 800 0
r 400 0
e 400 0
t 800 0
esc 400 0
t 400 0

t 400 0
t 400 0
w 400 0
r 200 0
e 600 0
e 400 0
esc 400 0
t 400 0

1 800 0
u 400 0
1 400 0
1 800 0
esc 400 0
1 400 0

u 400 0
u 400 0
u 400 0
2 200 0
2 600 0
1 400 0
1 400 0
u 400 0

1 400 0
1 200 0
1 600 0
1 200 0
1 400 0
u 200 0
y 400 0
y 400 0
u 200 0
y 200 0
u 1600 0







